9.233543759929863093e-01
9.225683588290393145e-01
9.212600840566642635e-01
9.194302009733672509e-01
9.170796957083429124e-01
9.142098685387098911e-01
9.108223240737949311e-01
9.069189661353274090e-01
9.025019945097525476e-01
8.975739024848176095e-01
8.921374747067567501e-01
8.861957851409595355e-01
8.797521950271747215e-01
8.728103507704068065e-01
8.653741817350580900e-01
8.574478979232952325e-01
8.490359875271875634e-01
8.401432143487799209e-01
8.307746150859917078e-01
8.209354964846784508e-01
8.106314323597855198e-01
7.998682604913269767e-01
7.886520794046720795e-01
7.769892450507057680e-01
7.648863674112176270e-01
7.523503070735135800e-01
7.393881718538721781e-01
7.260073136259138638e-01
7.122153256844255820e-01
6.980200414165095291e-01
6.834295362795054229e-01
6.684521388669677489e-01
9.225683588290393145e-01
9.217817567681645397e-01
9.204735345928533041e-01
9.186443113496706170e-01
9.162950445984852088e-01
9.134270119297746016e-01
9.100418002624475200e-01
9.061412993516263503e-01
9.017276974693031466e-01
8.968034781961088386e-01
8.913714177712820375e-01
8.854345827069340924e-01
8.789963275032637302e-01
8.720602923723057565e-01
8.646304009148794156e-01
8.567108577184654461e-01
8.483061458560264834e-01
8.394210242750594908e-01
8.300605250714530037e-01
8.202299506478044622e-01
8.099348707599615116e-01
7.991811194604789836e-01
7.879747919543216295e-01
7.763222413915419340e-01
7.642300756379128979e-01
7.517051540911707797e-01
7.387545846605853006e-01
7.253857211201935051e-01
7.116061612290983662e-01
6.974237463722255947e-01
6.828465641645513617e-01
6.678829565462337525e-01
9.212600840566642635e-01
9.204735345928533041e-01
9.191662246329247443e-01
9.173387722949043477e-01
9.149921239045981647e-01
9.121275435789462094e-01
9.087466052127217697e-01
9.048511866525903447e-01
9.004434653712837244e-01
8.955259150681824654e-01
8.901013028092692458e-01
8.841726864590735424e-01
8.777434122516997173e-01
8.708171124038870392e-01
8.633977027104879909e-01
8.554893800835406958e-01
8.470966200119307565e-01
8.382241739272283665e-01
8.288770664692406420e-01
8.190605926499109346e-01
8.087803149198791175e-01
7.980420601478630527e-01
7.868519165303364815e-01
7.752162304600979104e-01
7.631416033978136726e-01
7.506348888169416256e-01
7.377031893324523804e-01
7.243538541904309680e-01
7.105944773947199256e-01
6.964328968786576146e-01
6.818771952104577538e-01
6.669357019874728731e-01
9.194302009733672509e-01
9.186443113496707280e-01
9.173387722949044587e-01
9.155142104343921838e-01
9.131715701335699764e-01
9.103121085665802914e-01
9.069373906094431170e-01
9.030492843717780049e-01
8.986499574386319633e-01
8.937418736708468980e-01
8.883277903825206323e-01
8.824107557475139307e-01
8.759941063237287606e-01
8.690814646190819781e-01
8.616767366452902088e-01
8.537841094250170348e-01
8.454080484285155794e-01
8.365532949263745355e-01
8.272248632507199773e-01
8.174280379637953731e-01
8.071683709378352223e-01
7.964516783560735558e-01
7.852840376520374699e-01
7.736717844129563648e-01
7.616215092866410741e-01
7.491400549476525672e-01
7.362345132032694917e-01
7.229122223462550734e-01
7.091807648848972301e-01
6.950479657599664129e-01
6.805218910003704158e-01
6.656108462445009533e-01
9.170796957083429124e-01
9.162950445984849868e-01
9.149921239045981647e-01
9.131715701335698654e-01
9.108343294822865976e-01
9.079816558101441171e-01
9.046151076287060055e-01
9.007365449195714469e-01
8.963481260997292477e-01
8.914523052027836236e-01
8.860518292464367729e-01
8.801497357245358089e-01
8.737493501651886207e-01
8.668542837037219728e-01
8.594684306336022317e-01
8.515959659064938903e-01
8.432413425633513704e-01
8.344092890836554144e-01
8.251048066470219045e-01
8.153331663055027878e-01
8.050999060701965471e-01
7.944108279206663070e-01
7.832719947509442227e-01
7.716897272731779722e-01
7.596706009067411003e-01
7.472214426904646434e-01
7.343493282614990125e-01
7.210615789463390435e-01
7.073657589873143525e-01
6.932696728583856993e-01
6.787813624469715146e-01
6.639091035306649013e-01
9.142098685387096690e-01
9.134270119297744905e-01
9.121275435789460984e-01
9.103121085665802914e-01
9.079816558101441171e-01
9.051374373909943927e-01
9.017810068288598657e-01
8.979142168707777705e-01
8.935392171107244819e-01
8.886584515860490585e-01
8.832746563957587504e-01
8.773908573415508672e-01
8.710103675704387038e-01
8.641367851964487645e-01
8.567739908776974556e-01
8.489261453320098294e-01
8.405976867765471150e-01
8.317933282833658293e-01
8.225180550454410655e-01
8.127771215525759763e-01
8.025760486797226534e-01
7.919206206940175852e-01
7.808168821909338142e-01
7.692711349729499659e-01
7.572899348885269166e-01
7.448800886493119888e-01
7.320486506421468587e-01
7.188029197375112034e-01
7.051504360645458602e-01
6.910989776517445504e-01
6.766565567119419145e-01
6.618314151733269979e-01
9.108223240737948201e-01
9.100418002624472980e-01
9.087466052127217697e-01
9.069373906094427840e-01
9.046151076287060055e-01
9.017810068288596437e-01
8.984366371466280254e-01
8.945838443395701667e-01
8.902247691185265488e-01
8.853618451128089095e-01
8.799977967435532733e-01
8.741356370337083348e-01
8.677786653629553371e-01
8.609304651612879056e-01
8.535949015340885682e-01
8.457761188082689729e-01
8.374785379930118623e-01
8.287068541487282447e-01
8.194660336619377095e-01
8.097613114251241972e-01
7.995981879236757628e-01
7.889824262341849082e-01
7.779200489400234231e-01
7.664173349722912532e-01
7.544808163830737380e-01
7.421172750568110210e-01
7.293337393560829218e-01
7.161374806834844842e-01
7.025360099085993237e-01
6.885370735612238446e-01
6.741486496209861956e-01
6.593789426643794638e-01
9.069189661353272980e-01
9.061412993516262393e-01
9.048511866525902336e-01
9.030492843717778939e-01
9.007365449195713358e-01
8.979142168707776595e-01
8.945838443395701667e-01
8.907472658360288120e-01
8.864066127668855932e-01
8.815643076991380722e-01
8.762230624583411398e-01
8.703858761046986414e-01
8.640560328053735750e-01
8.572370996124755171e-01
8.499329241462680873e-01
8.421476321832233047e-01
8.338856251451187696e-01
8.251515774879709664e-01
8.159504339888756785e-01
8.062874069312560010e-01
7.961679731896134093e-01
7.855978712160516242e-01
7.745830979318203413e-01
7.631299055259826991e-01
7.512447981627229376e-01
7.389345285927211293e-01
7.262060946572218567e-01
7.130667356565907333e-01
6.995239285345473679e-01
6.855853837965537600e-01
6.712590410495611337e-01
6.565530640281894703e-01
9.025019945097523255e-01
9.017276974693031466e-01
9.004434653712837244e-01
8.986499574386317413e-01
8.963481260997294697e-01
8.935392171107243708e-01
8.902247691185264378e-01
8.864066127668855932e-01
8.820868694514986119e-01
8.772679498082737171e-01
8.719525519988187146e-01
8.661436598325740199e-01
8.598445407525943107e-01
8.530587436974735871e-01
8.457900968483232917e-01
8.380427052626840956e-01
8.298209483978763457e-01
8.211294775232599319e-01
8.119732130224825983e-01
8.023573415858209490e-01
7.922873132936494311e-01
7.817688385920451566e-01
7.708078851607340631e-01
7.594106746731714708e-01
7.475836794446176770e-01
7.353336189609093188e-01
7.226674562711152827e-01
7.095923942180631938e-01
6.961158714637969425e-01
6.822455582525653872e-01
6.679893518388430040e-01
6.533553715102151660e-01
8.975739024848174985e-01
8.968034781961088386e-01
8.955259150681823543e-01
8.937418736708470091e-01
8.914523052027837347e-01
8.886584515860490585e-01
8.853618451128089095e-01
8.815643076991380722e-01
8.772679498082738281e-01
8.724751691045277147e-01
8.671886488846298757e-01
8.614113563243821492e-01
8.551465405640301665e-01
8.483977306506551574e-01
8.411687333465724947e-01
8.334636308115963566e-01
8.252867781619077636e-01
8.166428009088841922e-01
8.075365922787435258e-01
7.979733104144790534e-01
7.879583754605037349e-01
7.774974665299442256e-01
7.665965185538804461e-01
7.552617190092798527e-01
7.434995045207944964e-01
7.313165573258217922e-01
7.187198015880716939e-01
7.057163995352360164e-01
6.923137473897004179e-01
6.785194710514305116e-01
6.643414214910936533e-01
6.497876698170659271e-01
8.921374747067567501e-01
8.913714177712820375e-01
8.901013028092692458e-01
8.883277903825205213e-01
8.860518292464367729e-01
8.832746563957589725e-01
8.799977967435533843e-01
8.762230624583412508e-01
8.719525519988187146e-01
8.671886488846298757e-01
8.619340202408829477e-01
8.561916151442722223e-01
8.499646627951163991e-01
8.432566705303298216e-01
8.360714216905252849e-01
8.284129733480608548e-01
8.202856539026568417e-01
8.116940605473876857e-01
8.026430566081225182e-01
7.931377687574192592e-01
7.831835841035589274e-01
7.727861471542911698e-01
7.619513566531750381e-01
7.506853622853455477e-01
7.389945612458328483e-01
7.268855946616339381e-01
7.143653438527686195e-01
7.014409264146088674e-01
6.881196920972477704e-01
6.744092184568456494e-01
6.603173062534761772e-01
6.458519745801181156e-01
8.861957851409595355e-01
8.854345827069340924e-01
8.841726864590735424e-01
8.824107557475139307e-01
8.801497357245358089e-01
8.773908573415509782e-01
8.741356370337083348e-01
8.703858761046988635e-01
8.661436598325742420e-01
8.614113563243822602e-01
8.561916151442722223e-01
8.504873657398860365e-01
8.443018156848929312e-01
8.376384487544339397e-01
8.305010228438604036e-01
8.228935677406672422e-01
8.148203827549339584e-01
8.062860342135480529e-01
7.972953528205874996e-01
7.878534308859524993e-01
7.779656194226384214e-01
7.676375251118908727e-01
7.568750071343881558e-01
7.456841738631105887e-01
7.340713794124846814e-01
7.220432200344608642e-01
7.096065303509162536e-01
6.967683794072865311e-01
6.835360665321166262e-01
6.699171169852962127e-01
6.559192773824756850e-01
6.415505108891832453e-01
8.797521950271749436e-01
8.789963275032637302e-01
8.777434122516997173e-01
8.759941063237286496e-01
8.737493501651888428e-01
8.710103675704387038e-01
8.677786653629555591e-01
8.640560328053735750e-01
8.598445407525944217e-01
8.551465405640302775e-01
8.499646627951166211e-01
8.443018156848928202e-01
8.381611834571123243e-01
8.315462244472643372e-01
8.244606690677434013e-01
8.169085176188138897e-01
8.088940379528775093e-01
8.004217629961593028e-01
7.914964881316463030e-01
7.821232684448728989e-01
7.723074158333196326e-01
7.620544959787908246e-01
7.513703251804197958e-01
7.402609670450089885e-01
7.287327290287253234e-01
7.167921588234932306e-01
7.044460405782625445e-01
6.917013909454131637e-01
6.785654549405131242e-01
6.650457016062719662e-01
6.511498194734725020e-01
6.368857118191839639e-01
8.728103507704068065e-01
8.720602923723057565e-01
8.708171124038870392e-01
8.690814646190820891e-01
8.668542837037219728e-01
8.641367851964489866e-01
8.609304651612879056e-01
8.572370996124755171e-01
8.530587436974736981e-01
8.483977306506552685e-01
8.432566705303297105e-01
8.376384487544340507e-01
8.315462244472643372e-01
8.249834286102999403e-01
8.179537621263638369e-01
8.104611936063572664e-01
8.025099570844259622e-01
7.941045495671159582e-01
7.852497284395433264e-01
7.759505087309241933e-01
7.662121602400888687e-01
7.560402045203449273e-01
7.454404117219449732e-01
7.344187972884951288e-01
7.229816185030063513e-01
7.111353708769901916e-01
6.988867843760444565e-01
6.862428194735932241e-01
6.732106630260361602e-01
6.597977239629114754e-01
6.460116287901309651e-01
6.318602169082634390e-01
8.653741817350580900e-01
8.646304009148794156e-01
8.633977027104879909e-01
8.616767366452900978e-01
8.594684306336023427e-01
8.567739908776974556e-01
8.535949015340886792e-01
8.499329241462680873e-01
8.457900968483232917e-01
8.411687333465723837e-01
8.360714216905255070e-01
8.305010228438602926e-01
8.244606690677434013e-01
8.179537621263638369e-01
8.109839713248587767e-01
8.035552313869179786e-01
7.956717401790835975e-01
7.873379562862311554e-01
7.785585964420865812e-01
7.693386328167183263e-01
7.596832901619215983e-01
7.495980428140728291e-01
7.390886115525786559e-01
7.281609603112131346e-01
7.168212927378854182e-01
7.050760485981729664e-01
6.929319000164442244e-01
6.803957475492783402e-01
6.674747160856304706e-01
6.541761505709549063e-01
6.405076115545523807e-01
6.264768705643951607e-01
8.574478979232952325e-01
8.567108577184654461e-01
8.554893800835405848e-01
8.537841094250170348e-01
8.515959659064938903e-01
8.489261453320099404e-01
8.457761188082689729e-01
8.421476321832233047e-01
8.380427052626840956e-01
8.334636308115964676e-01
8.284129733480609659e-01
8.228935677406674642e-01
8.169085176188140007e-01
8.104611936063573774e-01
8.035552313869180896e-01
7.961945296089035784e-01
7.883832476361111175e-01
7.801258031490853062e-01
7.714268696005124326e-01
7.622913735269624125e-01
7.527244917178288475e-01
7.427316482410870613e-01
7.323185113244342626e-01
7.214909900889659999e-01
7.102552311319579870e-01
6.986176149540398450e-01
6.865847522262525926e-01
6.741634798919806659e-01
6.613608571003356529e-01
6.481841609686803674e-01
6.346408821754033758e-01
6.207387203870821102e-01
8.490359875271875634e-01
8.483061458560263723e-01
8.470966200119307565e-01
8.454080484285155794e-01
8.432413425633514814e-01
8.405976867765473370e-01
8.374785379930118623e-01
8.338856251451188806e-01
8.298209483978763457e-01
8.252867781619077636e-01
8.202856539026570637e-01
8.148203827549339584e-01
8.088940379528775093e-01
8.025099570844259622e-01
7.956717401790835975e-01
7.883832476361108954e-01
7.806485979994289837e-01
7.724721655838318046e-01
7.638585779560773670e-01
7.548127132729400834e-01
7.453396974771855366e-01
7.354449013511914490e-01
7.251339374267333771e-01
7.144126567485168389e-01
7.032871454878856232e-01
6.917637214027074766e-01
6.798489301387761197e-01
6.675495413686198809e-01
6.548725447641398079e-01
6.418251458016218658e-01
6.284147613999720994e-01
6.146490153967756331e-01
8.401432143487799209e-01
8.394210242750594908e-01
8.382241739272282555e-01
8.365532949263746465e-01
8.344092890836555254e-01
8.317933282833659403e-01
8.287068541487283557e-01
8.251515774879710774e-01
8.211294775232599319e-01
8.166428009088841922e-01
8.116940605473877968e-01
8.062860342135480529e-01
8.004217629961594138e-01
7.941045495671159582e-01
7.873379562862311554e-01
7.801258031490853062e-01
7.724721655838320267e-01
7.643813721016199381e-01
7.558580018039735560e-01
7.469068817492460211e-01
7.375330841790509462e-01
7.277419236044022632e-01
7.175389537501762893e-01
7.069299643553940138e-01
6.959209778258926837e-01
6.845182457351256522e-01
6.727282451684318820e-01
6.605576749061244923e-01
6.480134514415650804e-01
6.351027048319993762e-01
6.218327743826296272e-01
6.082112041679251790e-01
8.307746150859917078e-01
8.300605250714528927e-01
8.288770664692405310e-01
8.272248632507199773e-01
8.251048066470221265e-01
8.225180550454410655e-01
8.194660336619377095e-01
8.159504339888756785e-01
8.119732130224828204e-01
8.075365922787435258e-01
8.026430566081226292e-01
7.972953528205877216e-01
7.914964881316463030e-01
7.852497284395434374e-01
7.785585964420864702e-01
7.714268696005124326e-01
7.638585779560773670e-01
7.558580018039735560e-01
7.474296692277011545e-01
7.385783534959609042e-01
7.293090703229020422e-01
7.196270749914347453e-01
7.095378593382216659e-01
6.990471485977297617e-01
6.881608981017659499e-01
6.768852898297470500e-01
6.652267288044333426e-01
6.531918393273427048e-01
6.407874610487469536e-01
6.280206448683818277e-01
6.148986486659350215e-01
6.014289328641997390e-01
8.209354964846783398e-01
8.202299506478044622e-01
8.190605926499108236e-01
8.174280379637953731e-01
8.153331663055028988e-01
8.127771215525759763e-01
8.097613114251243083e-01
8.062874069312560010e-01
8.023573415858209490e-01
7.979733104144791644e-01
7.931377687574193702e-01
7.878534308859527213e-01
7.821232684448728989e-01
7.759505087309241933e-01
7.693386328167183263e-01
7.622913735269625235e-01
7.548127132729400834e-01
7.469068817492460211e-01
7.385783534959609042e-01
7.298318453280219220e-01
7.206723136326245172e-01
7.111049515343665917e-01
7.011351859266231612e-01
6.907686743666037188e-01
6.800113018299499545e-01
6.688691773197713575e-01
6.573486303233393446e-01
6.454562071092733166e-01
6.331986668573631460e-01
6.205829776147240295e-01
6.076163120742029689e-01
5.943060431761501006e-01
8.106314323597855198e-01
8.099348707599615116e-01
8.087803149198791175e-01
8.071683709378353333e-01
8.050999060701966581e-01
8.025760486797227644e-01
7.995981879236757628e-01
7.961679731896134093e-01
7.922873132936494311e-01
7.879583754605039569e-01
7.831835841035591494e-01
7.779656194226383104e-01
7.723074158333197436e-01
7.662121602400889797e-01
7.596832901619215983e-01
7.527244917178288475e-01
7.453396974771855366e-01
7.375330841790508352e-01
7.293090703229020422e-01
7.206723136326242951e-01
7.116277083944070325e-01
7.021803826682564420e-01
6.923356953718546869e-01
6.820992332338804420e-01
6.714768076127893837e-01
6.604744511746667435e-01
6.490984144224625219e-01
6.373551620663343575e-01
6.252513692243246712e-01
6.127939174419311241e-01
5.999898905222648127e-01
5.868465701634238973e-01
7.998682604913268657e-01
7.991811194604788726e-01
7.980420601478631637e-01
7.964516783560735558e-01
7.944108279206663070e-01
7.919206206940176962e-01
7.889824262341850192e-01
7.855978712160516242e-01
7.817688385920451566e-01
7.774974665299443366e-01
7.727861471542913918e-01
7.676375251118908727e-01
7.620544959787909356e-01
7.560402045203450383e-01
7.495980428140728291e-01
7.427316482410870613e-01
7.354449013511914490e-01
7.277419236044022632e-01
7.196270749914347453e-01
7.111049515343665917e-01
7.021803826682564420e-01
6.928584285036401003e-01
6.831443769686434964e-01
6.730437408284885015e-01
6.625622545777679617e-01
6.517058711992037567e-01
6.404807587787904044e-01
6.288932969648340920e-01
6.169500732543219401e-01
6.046578790892280786e-01
5.920237057456418928e-01
5.790547400056116345e-01
7.886520794046720795e-01
7.879747919543216295e-01
7.868519165303364815e-01
7.852840376520375809e-01
7.832719947509442227e-01
7.808168821909339252e-01
7.779200489400233121e-01
7.745830979318202303e-01
7.708078851607340631e-01
7.665965185538808901e-01
7.619513566531750381e-01
7.568750071343881558e-01
7.513703251804197958e-01
7.454404117219449732e-01
7.390886115525786559e-01
7.323185113244343736e-01
7.251339374267334881e-01
7.175389537501761783e-01
7.095378593382216659e-01
7.011351859266231612e-01
6.923356953718546869e-01
6.831443769686434964e-01
6.735664446562640295e-01
6.636073341115443780e-01
6.532726997252145118e-01
6.425684114544076841e-01
6.315005515409395365e-01
6.200754110785661188e-01
6.082994864074764418e-01
5.961794753078061282e-01
5.837222729630288098e-01
5.709349676684755126e-01
7.769892450507058790e-01
7.763222413915418230e-01
7.752162304600981324e-01
7.736717844129563648e-01
7.716897272731779722e-01
7.692711349729498549e-01
7.664173349722911421e-01
7.631299055259825881e-01
7.594106746731715818e-01
7.552617190092798527e-01
7.506853622853456587e-01
7.456841738631105887e-01
7.402609670450090995e-01
7.344187972884951288e-01
7.281609603112131346e-01
7.214909900889661110e-01
7.144126567485169499e-01
7.069299643553941248e-01
6.990471485977296506e-01
6.907686743666038298e-01
6.820992332338804420e-01
6.730437408284886125e-01
6.636073341115443780e-01
6.537953685502924106e-01
6.436134151882259014e-01
6.330672576063143264e-01
6.221628887638309680e-01
6.109065077005542133e-01
5.993045160705144925e-01
5.873635144670522612e-01
5.750902984886596681e-01
5.624918544965927802e-01
7.648863674112176270e-01
7.642300756379131199e-01
7.631416033978135616e-01
7.616215092866411851e-01
7.596706009067409893e-01
7.572899348885269166e-01
7.544808163830737380e-01
7.512447981627229376e-01
7.475836794446176770e-01
7.434995045207946074e-01
7.389945612458329594e-01
7.340713794124846814e-01
7.287327290287255455e-01
7.229816185030065734e-01
7.168212927378854182e-01
7.102552311319579870e-01
7.032871454878857342e-01
6.959209778258926837e-01
6.881608981017659499e-01
6.800113018299499545e-01
6.714768076127894947e-01
6.625622545777680727e-01
6.532726997252147338e-01
6.436134151882259014e-01
6.335898854060040275e-01
6.232078042076923952e-01
6.124730717988187134e-01
6.013917916308219036e-01
5.899702671194090309e-01
5.782149981546645945e-01
5.661326773235896281e-01
5.537301857503886815e-01
7.523503070735135800e-01
7.517051540911707797e-01
7.506348888169416256e-01
7.491400549476524562e-01
7.472214426904645324e-01
7.448800886493118778e-01
7.421172750568110210e-01
7.389345285927210183e-01
7.353336189609093188e-01
7.313165573258217922e-01
7.268855946616340491e-01
7.220432200344609752e-01
7.167921588234932306e-01
7.111353708769901916e-01
7.050760485981728554e-01
6.986176149540398450e-01
6.917637214027074766e-01
6.845182457351256522e-01
6.768852898297470500e-01
6.688691773197712465e-01
6.604744511746668545e-01
6.517058711992038678e-01
6.425684114544076841e-01
6.330672576063143264e-01
6.232078042076922841e-01
6.129956519169862394e-01
6.024366046521980600e-01
5.915366666669555906e-01
5.803020395131455178e-01
5.687391188205345172e-01
5.568544907738364191e-01
5.446549281187018643e-01
7.393881718538721781e-01
7.387545846605853006e-01
7.377031893324521583e-01
7.362345132032694917e-01
7.343493282614990125e-01
7.320486506421466366e-01
7.293337393560829218e-01
7.262060946572218567e-01
7.226674562711152827e-01
7.187198015880718049e-01
7.143653438527686195e-01
7.096065303509162536e-01
7.044460405782625445e-01
6.988867843760445675e-01
6.929319000164442244e-01
6.865847522262525926e-01
6.798489301387760086e-01
6.727282451684318820e-01
6.652267288044333426e-01
6.573486303233394557e-01
6.490984144224624108e-01
6.404807587787904044e-01
6.315005515409395365e-01
6.221628887638309680e-01
6.124730717988187134e-01
6.024366046521980600e-01
5.920591913239899862e-01
5.813467331284843942e-01
5.703053259756702964e-01
5.589412575426276897e-01
5.472610041786833968e-01
5.352712272632350610e-01
7.260073136259138638e-01
7.253857211201935051e-01
7.243538541904309680e-01
7.229122223462550734e-01
7.210615789463389325e-01
7.188029197375112034e-01
7.161374806834843731e-01
7.130667356565906223e-01
7.095923942180633048e-01
7.057163995352361274e-01
7.014409264146088674e-01
6.967683794072865311e-01
6.917013909454131637e-01
6.862428194735932241e-01
6.803957475492783402e-01
6.741634798919806659e-01
6.675495413686198809e-01
6.605576749061244923e-01
6.531918393273427048e-01
6.454562071092733166e-01
6.373551620663344686e-01
6.288932969648339810e-01
6.200754110785661188e-01
6.109065077005543243e-01
6.013917916308219036e-01
5.915366666669557016e-01
5.813467331284843942e-01
5.708277854474422819e-01
5.599858098419191466e-01
5.488269820401976418e-01
5.373576648979961901e-01
5.255844055052888431e-01
7.122153256844255820e-01
7.116061612290983662e-01
7.105944773947200366e-01
7.091807648848972301e-01
7.073657589873143525e-01
7.051504360645457492e-01
7.025360099085993237e-01
6.995239285345473679e-01
6.961158714637969425e-01
6.923137473897003069e-01
6.881196920972478814e-01
6.835360665321166262e-01
6.785654549405131242e-01
6.732106630260361602e-01
6.674747160856304706e-01
6.613608571003356529e-01
6.548725447641398079e-01
6.480134514415650804e-01
6.407874610487468425e-01
6.331986668573632571e-01
6.252513692243246712e-01
6.169500732543219401e-01
6.082994864074764418e-01
5.993045160705144925e-01
5.899702671194090309e-01
5.803020395131455178e-01
5.703053259756702964e-01
5.599858098419191466e-01
5.493493631603501015e-01
5.384020451298036081e-01
5.271501008368189023e-01
5.155999598885734336e-01
6.980200414165094180e-01
6.974237463722255947e-01
6.964328968786575036e-01
6.950479657599665240e-01
6.932696728583856993e-01
6.910989776517444394e-01
6.885370735612238446e-01
6.855853837965537600e-01
6.822455582525653872e-01
6.785194710514305116e-01
6.744092184568455384e-01
6.699171169852962127e-01
6.650457016062719662e-01
6.597977239629114754e-01
6.541761505709549063e-01
6.481841609686803674e-01
6.418251458016218658e-01
6.351027048319993762e-01
6.280206448683818277e-01
6.205829776147240295e-01
6.127939174419311241e-01
6.046578790892280786e-01
5.961794753078061282e-01
5.873635144670522612e-01
5.782149981546645945e-01
5.687391188205345172e-01
5.589412575426276897e-01
5.488269820401976418e-01
5.384020451298036081e-01
5.276723839128190097e-01
5.166441200401236111e-01
5.053235611639428360e-01
6.834295362795054229e-01
6.828465641645513617e-01
6.818771952104576428e-01
6.805218910003703048e-01
6.787813624469715146e-01
6.766565567119419145e-01
6.741486496209860846e-01
6.712590410495611337e-01
6.679893518388430040e-01
6.643414214910934312e-01
6.603173062534761772e-01
6.559192773824756850e-01
6.511498194734723910e-01
6.460116287901309651e-01
6.405076115545524917e-01
6.346408821754033758e-01
6.284147613999720994e-01
6.218327743826296272e-01
6.148986486659350215e-01
6.076163120742029689e-01
5.999898905222647016e-01
5.920237057456418928e-01
5.837222729630288098e-01
5.750902984886596681e-01
5.661326773235896281e-01
5.568544907738365302e-01
5.472610041786833968e-01
5.373576648979961901e-01
5.271501008368189023e-01
5.166441200401236111e-01
5.058457123781900933e-01
4.947610551099527187e-01
6.684521388669677489e-01
6.678829565462337525e-01
6.669357019874728731e-01
6.656108462445009533e-01
6.639091035306649013e-01
6.618314151733269979e-01
6.593789426643794638e-01
6.565530640281894703e-01
6.533553715102151660e-01
6.497876698170659271e-01
6.458519745801180045e-01
6.415505108891832453e-01
6.368857118191838529e-01
6.318602169082633280e-01
6.264768705643951607e-01
6.207387203870821102e-01
6.146490153967756331e-01
6.082112041679252901e-01
6.014289328641997390e-01
5.943060431761501006e-01
5.868465701634238973e-01
5.790547400056116345e-01
5.709349676684756236e-01
5.624918544965927802e-01
5.537301857503886815e-01
5.446549281187018643e-01
5.352712272632350610e-01
5.255844055052888431e-01
5.155999598885735447e-01
5.053235611639428360e-01
4.947610551099527187e-01
4.839184702772916236e-01
