9.218853650841978276e-01
9.189172105209251207e-01
9.139925643401030086e-01
9.071205057483806566e-01
8.983149220662173251e-01
8.875941370252335982e-01
8.749807326013335773e-01
8.605014379400142133e-01
8.441870420574504319e-01
8.260723142349021275e-01
8.061959262637350410e-01
7.846003757186204020e-01
7.613319138217519155e-01
7.364404890932703118e-01
7.099797374389744675e-01
6.820071082104195437e-01
9.189172105209251207e-01
9.159454749448825428e-01
9.110265031179090034e-01
9.041688869591959499e-01
8.953860479093725955e-01
8.846959329230337232e-01
8.721208250207680424e-01
8.576872135931550289e-01
8.414256936581406832e-01
8.233708787980693611e-01
8.035613211732438588e-01
7.820394374461362430e-01
7.588514443118845598e-01
7.340473139976064765e-01
7.076807713580814951e-01
6.798093713350330525e-01
9.139925643401030086e-01
9.110265031179091144e-01
9.061254568027428125e-01
8.992979655569729447e-01
8.905572282138382034e-01
8.799209256898036235e-01
8.674110754025144976e-01
8.530539140496966599e-01
8.368797989906104906e-01
8.189231206315484846e-01
7.992222216967066473e-01
7.778193224471066092e-01
7.547604538703441834e-01
7.300954037566496080e-01
7.038776823694832263e-01
6.761645095451381815e-01
9.071205057483807677e-01
9.041688869591959499e-01
8.992979655569731667e-01
8.925163547923961049e-01
8.838371472611049606e-01
8.732778253401036750e-01
8.608601624071723357e-01
8.466101281404545542e-01
8.305577999115471011e-01
8.127372790437878969e-01
7.931866105975859949e-01
7.719477062025570380e-01
7.490662703444862514e-01
7.245917306752286402e-01
6.985771707870019886e-01
6.710792560312078825e-01
8.983149220662173251e-01
8.953860479093725955e-01
8.905572282138382034e-01
8.838371472611049606e-01
8.752388212424516700e-01
8.647795553683442771e-01
8.524808788356501577e-01
8.383684708940879471e-01
8.224720837606782631e-01
8.048254643855722312e-01
7.854662755535968266e-01
7.644360162597259034e-01
7.417799408869352185e-01
7.175469756848681380e-01
6.917896284659458273e-01
6.645638821899488846e-01
8.875941370252338203e-01
8.846959329230337232e-01
8.799209256898036235e-01
8.732778253401037860e-01
8.647795553683441661e-01
8.544432322204603691e-01
8.422901209702335912e-01
8.283455766443126311e-01
8.126389769179951372e-01
7.952036491979358468e-01
7.760767934151193703e-01
7.552994007578791580e-01
7.329161676045776730e-01
7.089754026460676206e-01
6.835289232491266187e-01
6.566319344864683938e-01
8.749807326013336883e-01
8.721208250207680424e-01
8.674110754025144976e-01
8.608601624071723357e-01
8.524808788356501577e-01
8.422901209702335912e-01
8.303088556992520575e-01
8.165620715964733156e-01
8.010787186381949088e-01
7.838916395600308284e-01
7.650374944257427590e-01
7.445566787945540055e-01
7.224932347877514038e-01
6.988947531975624461e-01
6.738122635228059876e-01
6.473001077246964829e-01
8.605014379400142133e-01
8.576872135931553620e-01
8.530539140496965489e-01
8.466101281404545542e-01
8.383684708940877250e-01
8.283455766443126311e-01
8.165620715964733156e-01
8.030425301888106659e-01
7.878154190696637915e-01
7.709130314348713320e-01
7.523714132895490403e-01
7.322302820877115703e-01
7.105329371531279303e-01
6.873261602895122113e-01
6.626601041239993384e-01
6.365881653139241481e-01
8.441870420574506539e-01
8.414256936581405721e-01
8.368797989906107127e-01
8.305577999115469900e-01
8.224720837606783741e-01
8.126389769179951372e-01
8.010787186381949088e-01
7.878154190696637915e-01
7.728770049865650860e-01
7.562951558092800841e-01
7.381052314095118971e-01
7.183461921474665335e-01
6.970605106035611120e-01
6.742940735375217987e-01
6.500960718392756466e-01
6.245188759081197194e-01
8.260723142349020165e-01
8.233708787980694721e-01
8.189231206315484846e-01
8.127372790437878969e-01
8.048254643855722312e-01
7.952036491979358468e-01
7.838916395600308284e-01
7.709130314348713320e-01
7.562951558092801951e-01
7.400690151679036877e-01
7.222692126864634909e-01
7.029338745321158655e-01
6.821045647262751199e-01
6.598261910774771977e-01
6.361468997213725052e-01
6.111179550581373743e-01
8.061959262637350410e-01
8.035613211732438588e-01
7.992222216967068693e-01
7.931866105975861059e-01
7.854662755535969376e-01
7.760767934151193703e-01
7.650374944257427590e-01
7.523714132895490403e-01
7.381052314095120082e-01
7.222692126864633799e-01
7.048971340042130551e-01
6.860262106529158022e-01
6.656970161645737738e-01
6.439533950571600940e-01
6.208423655839773181e-01
5.964140077580037946e-01
7.846003757186204020e-01
7.820394374461363540e-01
7.778193224471066092e-01
7.719477062025572600e-01
7.644360162597259034e-01
7.552994007578792690e-01
7.445566787945540055e-01
7.322302820877116813e-01
7.183461921474664225e-01
7.029338745321158655e-01
6.860262106529156911e-01
6.676594271577124262e-01
6.478730225757662886e-01
6.267096901413279353e-01
6.042152338737817319e-01
5.804384713160215536e-01
7.613319138217518045e-01
7.588514443118845598e-01
7.547604538703444055e-01
7.490662703444863624e-01
7.417799408869353295e-01
7.329161676045776730e-01
7.224932347877515149e-01
7.105329371531280414e-01
6.970605106035612231e-01
6.821045647262751199e-01
6.656970161645738848e-01
6.478730225757661776e-01
6.286709174910876108e-01
6.081321464841740188e-01
5.863012035526291577e-01
5.632255610795614542e-01
7.364404890932703118e-01
7.340473139976064765e-01
7.300954037566498300e-01
7.245917306752288622e-01
7.175469756848681380e-01
7.089754026460677316e-01
6.988947531975624461e-01
6.873261602895122113e-01
6.742940735375219097e-01
6.598261910774770866e-01
6.439533950571600940e-01
6.267096901413280463e-01
6.081321464841740188e-01
5.882608506626566536e-01
5.671388693322958474e-01
5.448122269393746997e-01
7.099797374389744675e-01
7.076807713580813841e-01
7.038776823694834484e-01
6.985771707870019886e-01
6.917896284659459383e-01
6.835289232491266187e-01
6.738122635228060986e-01
6.626601041239994494e-01
6.500960718392756466e-01
6.361468997213725052e-01
6.208423655839774291e-01
6.042152338737816208e-01
5.863012035526291577e-01
5.671388693322958474e-01
5.467697115745229208e-01
5.252381422977663306e-01
6.820071082104195437e-01
6.798093713350330525e-01
6.761645095451381815e-01
6.710792560312078825e-01
6.645638821899488846e-01
6.566319344864683938e-01
6.473001077246964829e-01
6.365881653139242591e-01
6.245188759081197194e-01
6.111179550581373743e-01
5.964140077580036836e-01
5.804384713160215536e-01
5.632255610795614542e-01
5.448122269393746997e-01
5.252381422977663306e-01
5.045457888280011627e-01
