9.165825604543147431e-01
9.059449525886722476e-01
8.884831290308898843e-01
8.643080081000471537e-01
8.335936500662373128e-01
7.965711709114603467e-01
7.535262794632235916e-01
7.047998632750480663e-01
9.059449525886722476e-01
8.953150034823865733e-01
8.779851801628467678e-01
8.540583769425005300e-01
8.237016372967369549e-01
7.871414290869099828e-01
7.446611091600273680e-01
6.966003473200874652e-01
8.884831290308899954e-01
8.779851801628468788e-01
8.609417547690990657e-01
8.374533275923140563e-01
8.076819923476059593e-01
7.718486616121881250e-01
7.302307183128554646e-01
6.831601449980782004e-01
8.643080081000471537e-01
8.540583769425005300e-01
8.374533275923140563e-01
8.145914747003792922e-01
7.856301648992067843e-01
7.507837312363632165e-01
7.103213338829147405e-01
6.645645003962027397e-01
8.335936500662370907e-01
8.237016372967369549e-01
8.076819923476058483e-01
7.856301648992070064e-01
7.576979764114614158e-01
7.240920603262110955e-01
6.850718061126835901e-01
6.409469197573558485e-01
7.965711709114603467e-01
7.871414290869099828e-01
7.718486616121882360e-01
7.507837312363633275e-01
7.240920603262110955e-01
6.919714760666278996e-01
6.546701715880455241e-01
6.124848239069609068e-01
7.535262794632235916e-01
7.446611091600274790e-01
7.302307183128555756e-01
7.103213338829147405e-01
6.850718061126835901e-01
6.546701715880455241e-01
6.193516159442253866e-01
5.793976865136825083e-01
7.047998632750480663e-01
6.966003473200874652e-01
6.831601449980782004e-01
6.645645003962028508e-01
6.409469197573558485e-01
6.124848239069609068e-01
5.793976865136825083e-01
5.419472576348751680e-01
